-1.185982  0.267997  2.248839  -0.101344  0.807860  1.653380  0.049129  0.199266  0.151549  -0.419701  0.130515  -0.085785
3.933295  2.319258  1.767687  1.459609  0.597496  0.297139  0.810169  0.590496  0.195703  -0.086098  -0.144862  -0.072426
4.555698  1.058437  0.580412  1.180197  -0.400737  -0.050695  1.087962  0.004784  -0.739978  -0.533643  -0.377785  -0.165919
3.791653  1.399839  0.973263  1.435165  1.411703  1.717092  1.460137  -0.274180  -0.754912  -0.230118  -0.133345  -0.084704
2.398749  0.952630  -0.273721  -1.492385  0.304179  -0.031267  1.097209  -0.033909  -0.009929  -0.375526  -0.256223  -0.118996
3.251045  2.729604  2.505479  2.278956  1.837254  1.304797  0.870690  0.391387  0.102949  0.008017  -0.003192  -0.024491
3.576881  3.014497  2.681344  2.227638  1.396388  0.551398  0.047429  -0.300781  -0.464531  -0.361080  -0.127192  -0.076459
3.699172  1.898227  1.694034  2.875073  2.684045  1.702370  0.530613  -0.540193  -0.429056  -0.012421  0.139673  -0.042121
-1.605249  0.359222  1.832559  -1.471867  -0.233810  -0.171316  -1.008316  -0.463876  -0.008330  -0.444418  0.078161  -0.055523
2.948464  2.453527  2.457013  2.084169  1.929848  1.525418  1.305427  0.936129  0.621800  0.376634  0.205175  0.046059
-0.848546  1.646567  1.741486  -0.172211  1.218154  -0.454793  0.509470  -0.641353  0.221778  -0.232423  -0.052167  -0.060242
4.042057  0.713934  2.142007  4.220519  2.293045  2.822710  1.594013  -0.872658  -0.159540  0.692946  0.094894  -0.074431
3.806608  2.518333  1.512229  -0.066766  -1.094304  -1.601751  -0.321657  -0.394628  -0.748933  -0.363639  -0.116728  -0.046805
3.788141  3.473156  3.467530  3.210410  2.498856  1.737241  1.144852  0.524142  0.091534  -0.007057  0.070979  -0.020132
4.266542  3.738404  3.632675  3.215146  1.808833  0.681443  0.213620  -0.422686  -0.874683  -0.617381  -0.143992  -0.115662
3.761463  1.015475  1.411511  4.087162  3.297276  1.477356  0.785981  0.064627  -0.360794  0.037997  0.339274  0.026014
-0.496708  1.054582  2.588872  0.981752  -1.808216  1.482738  0.682829  -0.977180  0.540288  -0.413277  -0.025371  -0.061906
3.957907  2.495480  1.226272  0.825817  0.785152  1.055589  1.184418  1.089263  1.197315  0.626040  0.217034  0.011125
0.291828  -0.964775  0.862238  1.212029  0.542455  0.146901  1.570696  0.443378  -0.184592  -1.141309  -0.238423  -0.045424
3.957124  0.435833  1.401428  3.072486  1.869787  2.209000  2.088038  -0.382350  -1.028697  -0.027591  0.096291  -0.038764
4.537350  1.895495  -0.097199  -2.188349  -1.016241  -1.535980  -0.424592  -0.270322  0.382699  -0.045334  -0.066545  -0.043874
3.873069  3.327517  3.315114  3.148039  2.201240  1.252122  0.508638  -0.087112  -0.280821  -0.186841  -0.006531  -0.060708
3.862823  2.383561  1.854677  1.856448  0.596030  -0.476135  -0.677221  -0.858366  -0.679735  -0.508796  -0.158104  -0.073174
3.663782  1.697986  1.302800  2.709057  3.397038  2.457953  0.993824  -0.100339  -0.024740  0.433579  0.259098  0.018284
-0.963547  0.981515  3.054925  -2.021365  1.569301  -1.122439  -0.370574  -0.113244  -0.581448  -0.043871  -0.121694  -0.059967
3.483351  2.930997  2.883071  2.619362  2.340180  1.991461  1.536488  0.825966  0.360648  0.192216  0.094890  0.025221
0.021367  0.339232  1.894573  -0.493306  3.039023  0.426067  1.098662  0.356514  -0.382349  -0.015539  0.028577  -0.048846
4.621930  0.039239  0.939227  6.147605  2.951189  1.694995  1.394947  -0.329356  -0.329710  0.023930  0.403998  -0.014637
5.279466  2.097290  2.589028  0.777582  -2.791894  -1.602389  -0.602176  -1.080298  -0.152538  -0.401980  -0.186563  -0.006719
3.998588  2.769934  3.792753  4.205529  2.060312  1.052336  1.865885  0.910968  -0.459922  -0.205783  0.202303  -0.010015
4.778977  3.374798  3.893731  4.485605  1.885176  -0.383591  0.156340  0.214974  -0.900482  -1.015064  -0.161426  -0.080597
4.264777  0.335479  0.783302  4.825528  4.371846  2.132919  0.934518  -0.035395  -0.188152  0.380453  0.354757  0.024914