----------------------------1-----------------------
6   6   6   7   15   15   15   7   23   23   23   23   23   23   23   23   7   7   7   2   2   10   10   6   10   26   26   6   10   26   26   6   26   10   26   26   10   26   10   10   10   10   
----------------------------1-----------------------
14   26   14   14   7   15   7   7   23   23   23   7   2   2   2   6   10   10   26   10   10   26   10   26   26   26   10   26   26   26   26   26   10   10   26   26   10   10   10   10   10   
----------------------------1-----------------------
26   6   6   6   6   6   15   7   7   7   23   23   23   23   23   7   23   7   2   2   6   26   26   26   6   6   26   26   26   6   10   26   26   26   6   26   26   26   26   26   10   10   26   26   10   10   10   10   26   
----------------------------1-----------------------
6   6   22   7   31   31   23   23   23   23   3   3   3   3   2   2   2   2   2   26   26   6   6   26   26   26   26   26   10   10   10   26   26   26   10   10   10   10   26   26   26   30   10   10   10   10   
----------------------------1-----------------------
26   26   26   6   22   15   7   31   23   31   23   23   23   23   23   31   3   2   2   7   6   10   26   6   14   26   26   26   6   26   26   26   26   26   10   10   26   26   10   10   10   10   10   10   10   10   
----------------------------1-----------------------
7   15   23   23   23   23   23   23   23   23   3   2   2   3   2   2   10   26   26   6   6   26   26   26   26   6   26   26   26   6   6   30   26   26   26   6   26   10   30   26   10   10   10   10   10   10   10   10   10   
----------------------------1-----------------------
14   6   6   6   7   7   7   23   23   23   23   2   2   2   2   2   2   2   26   6   26   26   6   26   26   14   26   26   6   26   26   26   10   30   26   26   10   26   26   26   26   10   10   10   10   10   10   10   10   10   10   10   10   
----------------------------1-----------------------
6   15   7   7   23   23   23   23   23   23   23   23   23   2   7   7   6   6   6   6   6   6   14   26   26   26   6   6   6   26   14   26   26   26   26   26   26   26   26   26   26   10   10   10   10   10   10   10   26   10   10   10   26   10   
----------------------------1-----------------------
7   7   7   7   23   23   23   15   7   7   7   7   7   6   6   6   6   6   26   26   26   26   26   26   26   26   26   10   10   10   26   26   26   26   26   26   26   26   10   10   10   10   10   26   26   26   26   10   10   10   10   
----------------------------1-----------------------
14   14   6   6   7   7   15   23   23   23   23   23   23   23   7   2   2   2   2   6   6   14   14   26   6   6   6   26   26   26   26   26   6   6   6   26   26   26   26   26   26   10   26   26   26   26   14   14   26   10   10   10   10   10   10   10   10   
----------------------------1-----------------------
6   6   26   14   14   22   15   15   23   23   23   23   3   3   2   2   2   2   6   10   6   6   26   26   26   26   6   6   6   26   26   26   26   26   26   26   10   10   10   10   26   26   26   10   10   10   10   10   10   10   10   10   10   
----------------------------1-----------------------
14   14   22   6   7   7   7   23   23   23   23   23   3   23   2   2   2   6   6   6   6   6   6   26   14   26   14   26   26   6   6   26   26   26   26   26   10   26   26   26   26   10   10   10   10   26   10   10   10   10   10   10   
----------------------------1-----------------------
14   26   6   6   6   7   7   23   23   23   23   23   23   23   23   7   4   20   6   6   6   14   14   14   14   26   6   6   6   26   14   14   26   26   26   6   6   10   26   14   26   26   26   10   10   10   10   26   26   26   10   10   10   10   10   10   10   10   10   10   10   10   10   
----------------------------1-----------------------
6   22   7   7   15   23   23   23   23   23   23   23   7   7   2   6   6   6   6   6   14   14   26   6   6   26   14   26   26   14   6   6   26   26   26   26   26   26   6   10   10   26   26   26   10   10   10   10   10   10   26   10   
----------------------------1-----------------------
10   26   26   14   14   6   6   22   31   23   23   23   23   23   23   23   7   7   7   7   6   14   14   14   14   26   14   14   6   6   6   26   26   26   26   26   26   26   26   26   14   26   10   10   10   10   10   10   10   10   10   10   10   10   10   10   10   10   10   10   10   10   10   10   
----------------------------1-----------------------
6   6   6   6   6   22   15   7   15   23   23   23   23   3   3   3   2   2   2   10   26   6   6   26   26   26   26   26   26   26   26   6   10   26   26   26   26   26   26   26   26   26   26   26   10   10   10   10   10   10   10   10   10   10   10   10   10   10   10   
----------------------------1-----------------------
2   22   7   15   23   23   23   23   23   23   3   2   2   2   6   26   6   6   6   26   26   26   6   6   14   26   26   26   10   26   10   26   26   26   26   26   26   10   10   10   26   26   26   26   10   10   10   26   26   10   10   10   10   10   10   10   26   
----------------------------1-----------------------
14   14   6   6   22   7   15   15   23   23   23   23   23   23   23   3   2   2   6   6   14   14   14   26   26   26   6   6   26   24   24   26   26   26   26   26   26   10   6   10   26   26   26   26   26   10   10   26   26   26   14   14   26   10   10   10   10   10   
----------------------------1-----------------------
6   6   6   6   6   6   7   7   7   23   23   23   23   23   3   3   2   2   6   26   26   26   26   26   26   26   26   26   26   26   10   6   10   10   14   14   26   26   26   26   26   26   26   26   26   26   10   10   10   10   10   10   10   10   10   10   10   10   10   
----------------------------1-----------------------
14   6   14   22   22   7   15   15   23   23   23   23   23   2   2   4   4   4   6   6   6   26   24   26   26   26   12   12   26   26   26   6   6   6   26   26   26   26   26   26   26   26   10   6   10   26   26   26   26   26   26   26   26   26   26   26   26   26   10   10   10   10   
