----------------------------7-----------------------
27   27   11   11   11   11   27   27   27   27   11   11   27   20   4   4   3   3   3   3   3   3   2   2   2   2   2   2   3   3   3   3   4   4   7   8   8   8   6   6   6   10   10   26   10   12   24   
----------------------------7-----------------------
11   10   11   11   11   11   11   11   27   27   2   3   3   3   3   3   3   3   2   2   6   18   18   2   2   3   3   2   3   2   3   6   6   22   6   6   6   6   10   10   26   10   
----------------------------7-----------------------
13   11   19   9   9   11   9   9   11   2   4   4   3   3   3   3   3   3   3   3   3   2   2   2   2   2   2   2   2   3   3   4   4   4   4   4   7   8   8   8   8   6   14   6   26   26   10   10   10   14   6   22   
----------------------------7-----------------------
27   27   11   11   25   27   4   3   3   3   3   3   3   3   2   2   2   6   2   2   2   3   3   3   3   3   3   3   2   2   7   2   6   6   7   22   6   6   22   22   22   8   22   6   6   10   26   26   
----------------------------7-----------------------
9   9   9   1   27   1   9   1   2   4   3   3   3   3   3   3   3   2   2   2   2   2   2   2   3   3   3   3   4   4   2   6   8   6   6   6   22   7   7   22   22   22   14   26   
----------------------------7-----------------------
17   17   17   17   4   3   3   3   3   3   3   3   3   3   3   3   2   2   2   2   2   3   3   3   3   3   3   2   2   2   2   6   6   22   7   7   6   22   14   14   14   14   14   26   26   10   10   26   
----------------------------7-----------------------
23   7   7   6   4   3   3   3   3   3   3   3   3   2   2   2   2   2   2   2   3   3   3   3   3   2   2   2   6   6   22   6   6   22   22   6   6   6   22   14   6   26   26   26   10   10   10   10   
----------------------------7-----------------------
1   1   1   9   9   9   9   9   1   4   3   3   3   3   3   3   3   3   3   2   2   2   6   2   2   3   3   3   3   3   3   3   3   3   3   7   7   7   7   6   6   6   6   6   22   6   6   10   10   10   26   6   
----------------------------7-----------------------
11   11   11   11   11   11   4   4   4   3   3   3   3   3   3   3   2   2   2   6   6   2   2   2   3   3   3   3   3   3   3   4   2   6   20   6   22   8   8   22   8   6   6   14   22   22   22   26   26   10   10   10   
----------------------------7-----------------------
27   27   25   9   11   11   11   19   23   1   11   4   4   3   3   3   3   3   3   3   2   2   2   6   2   2   2   2   3   3   3   3   3   3   3   2   2   4   6   6   20   12   6   6   6   6   26   10   10   10   
----------------------------7-----------------------
9   1   11   5   5   11   11   27   24   4   4   4   4   4   3   3   3   3   2   2   2   4   6   2   3   3   3   4   3   4   4   4   4   7   4   8   8   6   6   6   22   24   12   24   14   26   10   10   10   
----------------------------7-----------------------
1   1   1   1   1   1   1   1   1   1   4   4   4   4   3   3   3   3   3   2   2   2   2   4   2   2   3   3   3   4   7   4   2   2   6   6   8   8   22   6   6   8   14   10   10   10   10   10   
----------------------------7-----------------------
1   1   9   9   9   5   9   5   27   4   4   4   4   3   3   3   3   3   3   2   2   6   6   4   4   2   3   4   4   4   4   4   4   2   6   6   6   22   22   8   6   14   26   14   14   26   26   26   26   
----------------------------7-----------------------
17   17   1   1   1   1   25   27   2   4   4   3   23   3   3   3   3   3   3   2   2   4   4   4   4   2   3   3   23   7   4   7   4   6   6   6   6   6   8   8   22   6   6   6   10   10   10   10   10   
----------------------------7-----------------------
1   1   9   1   23   23   9   11   7   7   4   4   3   3   3   3   3   3   3   2   2   4   4   4   4   5   3   3   3   3   3   3   3   3   2   6   6   20   8   12   12   8   8   14   24   14   14   26   14   10   
----------------------------7-----------------------
9   11   2   4   3   3   3   3   3   3   3   3   3   2   2   2   2   2   2   2   3   3   3   3   3   3   3   2   2   2   6   6   7   7   7   6   8   8   8   8   22   6   6   10   10   10   
----------------------------7-----------------------
8   4   4   3   3   3   3   3   3   3   3   2   2   2   2   2   2   3   3   3   3   3   3   3   3   3   2   3   6   6   8   6   8   8   8   8   6   6   6   10   10   10   10   
----------------------------7-----------------------
9   1   9   9   9   1   1   1   1   1   6   4   3   3   3   3   3   3   3   3   2   2   2   2   2   2   3   3   3   3   3   3   3   3   3   3   2   6   20   6   8   8   8   8   8   22   6   6   6   26   10   10   10   
----------------------------7-----------------------
18   11   13   2   2   11   11   19   4   4   3   3   3   3   3   3   3   2   2   2   2   2   2   2   3   3   3   3   3   3   3   3   4   2   6   6   6   22   8   8   8   6   6   6   6   6   10   10   10   10   10   
----------------------------7-----------------------
5   11   11   27   27   6   6   4   4   4   3   3   3   3   3   2   2   2   2   2   2   2   2   3   4   3   3   3   4   4   2   2   2   6   22   6   6   6   6   14   14   14   26   26   10   10   
