----------------------------11-----------------------
2   10   10   10   14   6   32   8   4   4   4   3   3   3   4   4   4   4   8   27   7   11   11   11   11   11   11   11   11   1   11   11   11   11   27   11   11   11   11   11   11   5   11   11   27   27   
----------------------------11-----------------------
26   10   10   10   28   14   16   16   32   8   8   4   20   4   4   4   4   4   4   4   6   10   27   1   1   1   9   9   9   9   9   9   25   25   25   25   9   25   11   11   9   25   11   25   11   27   25   9   27   27   25   9   
----------------------------11-----------------------
10   26   26   10   26   10   14   16   16   4   4   4   4   4   4   3   3   3   3   5   2   2   5   11   11   11   11   11   11   11   11   11   11   11   11   11   5   5   11   11   21   21   11   11   11   11   11   11   11   11   11   27   
----------------------------11-----------------------
11   10   10   14   14   16   12   20   4   4   4   4   4   5   5   4   4   5   2   2   6   2   2   11   11   11   11   11   11   11   5   21   11   11   11   5   11   11   5   25   25   9   5   25   25   25   11   9   11   11   11   11   25   25   9   
----------------------------11-----------------------
6   10   10   10   10   26   16   24   4   20   4   4   4   4   4   4   4   4   4   4   4   4   4   4   1   1   3   1   1   3   9   9   9   9   9   9   9   9   9   9   9   9   9   9   9   9   9   17   9   9   9   17   21   5   5   11   5   
----------------------------11-----------------------
26   10   12   12   6   30   14   12   12   8   8   4   4   4   4   4   4   4   4   2   6   18   1   25   11   25   11   11   11   9   11   9   11   11   11   11   11   11   9   11   11   11   9   11   11   9   11   11   11   11   9   9   11   11   11   9   
----------------------------11-----------------------
10   14   14   6   30   14   12   8   8   4   4   4   4   4   3   3   4   4   4   2   2   19   11   2   11   27   25   25   25   25   25   11   9   9   9   9   9   9   11   11   25   25   25   25   25   25   11   11   27   11   11   11   11   25   9   9   
----------------------------11-----------------------
7   10   10   6   14   16   12   12   8   8   4   4   4   4   4   4   4   4   2   4   4   27   11   27   27   11   11   11   11   11   11   11   5   11   11   11   5   9   11   11   11   11   25   11   11   11   11   11   11   25   11   25   25   11   27   27   27   1   
----------------------------11-----------------------
6   14   14   6   20   4   4   4   4   4   4   4   4   5   5   2   18   2   5   5   5   11   11   11   11   9   9   21   21   21   9   9   13   9   21   9   13   9   21   21   9   9   9   9   5   5   1   9   9   9   5   5   5   27   27   
----------------------------11-----------------------
10   28   14   6   12   16   32   8   4   4   4   4   4   4   4   4   4   10   2   5   11   11   11   11   25   25   25   25   25   25   25   25   11   25   25   25   25   25   25   25   25   9   9   9   25   25   25   9   9   
----------------------------11-----------------------
26   10   28   16   16   16   16   20   8   4   4   4   4   4   4   4   2   6   26   6   2   2   7   2   17   2   2   2   11   2   2   2   2   2   2   1   11   11   11   9   9   11   13   11   27   27   8   
----------------------------11-----------------------
10   10   10   10   30   14   32   8   8   8   4   4   20   4   4   4   4   6   6   27   27   11   27   11   25   25   25   25   25   25   25   25   25   25   25   25   25   25   25   25   25   25   25   25   25   25   25   25   25   25   25   25   25   27   25   25   25   27   25   25   
----------------------------11-----------------------
10   10   30   16   28   8   8   4   4   4   4   4   4   4   7   7   2   6   10   11   11   11   1   11   25   25   25   25   25   25   25   11   11   11   11   11   11   11   11   11   11   11   11   11   25   11   9   25   21   25   25   25   
----------------------------11-----------------------
10   14   10   26   26   16   16   4   8   4   4   4   4   4   4   4   2   6   27   27   27   27   11   11   11   11   11   11   11   11   27   25   11   11   11   25   25   25   25   25   25   25   25   25   25   25   27   25   25   25   25   25   25   25   25   25   
----------------------------11-----------------------
10   26   26   10   26   16   20   4   8   4   4   4   4   4   4   2   26   6   11   4   1   1   25   11   11   25   11   11   11   11   11   11   11   11   11   11   11   11   11   11   11   11   11   11   13   13   9   11   11   25   27   25   1   1   
----------------------------11-----------------------
10   14   28   16   14   16   16   16   8   4   4   4   4   4   4   4   6   27   27   27   27   27   11   11   11   11   11   25   25   25   25   25   25   25   25   25   25   25   25   25   25   25   9   25   25   25   25   27   25   25   25   25   25   
----------------------------11-----------------------
10   16   10   30   6   16   16   8   8   4   4   20   4   4   4   4   4   6   6   27   27   27   11   11   25   25   25   25   25   25   25   25   25   25   25   25   25   25   25   25   25   25   25   25   25   25   25   25   25   25   27   25   25   
----------------------------11-----------------------
10   14   10   6   28   16   12   4   4   4   4   3   4   4   3   3   2   6   10   1   17   1   11   9   17   9   9   1   1   9   9   9   9   9   9   1   9   9   9   9   9   1   9   9   9   9   9   9   9   1   17   1   17   9   17   1   17   9   9   29   29   
----------------------------11-----------------------
10   10   28   14   28   16   28   8   4   4   4   4   4   4   7   6   27   27   27   27   27   25   25   25   25   25   25   25   25   25   27   25   25   25   25   25   25   25   25   25   27   25   25   25   25   25   25   25   25   25   25   27   22   
----------------------------11-----------------------
2   26   30   6   16   16   8   4   4   4   4   4   3   4   4   6   10   27   27   11   11   25   25   25   25   11   25   11   11   11   11   25   25   25   25   27   27   11   25   25   25   25   25   25   25   27   25   25   27   11   11   27   
