----------------------------12-----------------------
10   14   10   26   10   26   10   26   6   26   10   6   7   7   7   31   31   7   7   7   7   15   7   15   7   7   7   7   7   7   7   22   22   22   6   6   6   6   22   22   14   14   10   10   
----------------------------12-----------------------
10   26   10   10   10   10   10   26   26   24   6   7   23   7   7   7   7   7   22   15   7   7   7   7   7   22   22   6   22   22   6   6   22   22   22   22   6   6   22   14   14   14   26   10   10   
----------------------------12-----------------------
10   10   10   10   10   10   14   10   10   6   6   7   7   7   23   23   7   7   7   7   7   7   7   7   7   7   7   15   7   7   22   22   22   22   22   22   22   22   6   6   26   26   10   10   
----------------------------12-----------------------
10   26   10   26   10   26   10   10   10   8   4   7   7   23   23   23   23   7   7   7   7   15   7   7   7   15   7   15   22   22   22   6   6   6   22   14   14   6   10   10   10   10   10   
----------------------------12-----------------------
6   10   10   26   10   10   10   26   14   26   6   7   7   23   23   23   23   23   7   7   15   7   7   7   7   7   7   7   7   7   31   22   22   22   6   6   6   14   14   6   10   26   14   14   14   
----------------------------12-----------------------
5   26   10   26   10   26   14   6   6   7   23   23   23   23   23   23   7   7   7   7   7   7   7   7   7   7   7   7   22   6   14   14   14   14   14   14   14   
----------------------------12-----------------------
10   26   10   26   6   26   26   26   14   6   2   7   23   23   23   23   23   7   7   7   7   15   7   15   7   7   7   7   7   7   7   22   22   22   6   6   22   22   22   22   22   14   6   10   10   10   6   
----------------------------12-----------------------
2   2   10   26   26   10   10   26   26   26   6   22   2   23   23   23   23   23   23   15   7   7   15   31   7   7   7   7   15   22   22   6   22   22   6   6   22   14   14   10   10   26   
----------------------------12-----------------------
6   10   26   26   14   26   26   26   26   6   6   7   7   23   23   23   23   23   31   7   15   15   7   15   15   15   15   7   15   22   6   22   22   22   22   22   6   6   6   22   22   14   14   22   10   22   
----------------------------12-----------------------
2   2   10   10   10   10   14   14   10   26   6   6   6   7   23   23   23   23   23   23   31   7   7   7   7   7   7   22   22   22   6   30   6   22   6   22   14   14   14   6   10   26   26   
----------------------------12-----------------------
10   10   26   10   10   10   10   10   26   14   22   7   23   23   23   15   7   15   15   7   15   15   7   15   31   15   15   7   15   22   22   22   22   6   22   6   22   22   22   6   22   6   14   14   14   26   10   10   2   2   
----------------------------12-----------------------
2   11   2   18   10   10   10   10   10   10   26   10   14   6   2   7   23   23   23   23   15   31   7   15   7   15   7   7   22   22   7   15   7   6   22   22   6   6   22   6   22   22   6   6   14   14   6   26   26   10   
----------------------------12-----------------------
11   2   10   10   10   10   10   10   26   26   26   6   6   7   23   23   23   23   15   7   7   15   7   7   15   7   7   7   7   15   15   7   22   22   22   22   6   22   22   6   30   6   6   22   22   6   14   6   6   6   10   10   10   10   10   6   2   
----------------------------12-----------------------
11   6   10   10   10   26   10   26   26   26   14   6   7   7   23   23   23   23   23   23   7   7   7   15   15   7   7   7   7   15   7   15   22   22   22   22   22   22   6   22   22   6   6   14   14   14   10   10   10   10   2   
----------------------------12-----------------------
2   10   10   10   10   26   26   14   10   6   7   7   7   23   7   7   7   7   15   15   7   7   7   31   7   7   7   7   7   7   7   22   15   22   22   6   22   14   6   22   22   22   6   6   6   6   6   6   7   11   
----------------------------12-----------------------
2   2   10   26   10   10   26   10   14   10   26   26   10   6   7   23   23   23   23   23   23   23   7   7   7   7   7   7   15   15   7   15   15   7   7   31   22   6   22   6   22   14   6   14   10   10   10   6   6   23   
----------------------------12-----------------------
2   10   26   10   26   10   26   6   14   14   24   6   7   7   23   23   23   23   23   15   7   7   15   15   7   7   15   15   15   7   31   15   7   22   22   22   6   6   26   6   6   6   6   14   14   14   14   26   26   10   26   18   2   2   11   
----------------------------12-----------------------
11   2   2   14   26   10   26   26   26   14   6   2   3   23   23   23   23   23   31   15   7   15   15   7   7   7   22   22   22   22   22   22   22   22   22   22   22   22   22   22   6   22   14   14   14   14   26   10   10   10   10   6   6   6   
----------------------------12-----------------------
2   2   11   2   10   10   10   10   26   10   26   10   26   14   10   8   7   7   23   23   7   7   7   7   7   15   31   7   31   15   31   7   15   31   7   15   7   15   7   15   7   31   7   6   31   30   22   6   14   14   6   10   14   10   10   10   10   6   7   7   27   6   
----------------------------12-----------------------
2   6   10   10   10   10   26   26   6   26   14   6   2   7   23   23   23   23   23   15   7   31   7   7   15   7   15   7   31   15   15   22   22   22   22   7   22   22   22   6   22   6   22   14   10   10   10   10   14   7   6   11   11   2   23   
