----------------------------2-----------------------
18   30   6   14   6   6   6   6   22   6   6   22   22   22   6   22   22   22   6   6   22   22   6   6   14   6   6   14   30   14   6   14   14   6   6   14   14   6   6   14   14   6   6   14   30   22   6   6   6   30   14   6   26   26   14   26   10   6   
----------------------------2-----------------------
27   6   6   6   6   6   6   6   22   6   6   14   6   6   6   6   6   6   6   6   14   14   6   6   6   14   14   14   6   6   14   14   6   14   14   14   14   6   6   6   22   22   22   22   6   6   6   6   14   14   14   14   14   14   14   6   6   26   26   6   
----------------------------2-----------------------
24   6   6   6   6   6   7   6   6   6   6   6   6   6   22   22   6   22   6   6   22   22   22   22   6   6   22   22   22   22   6   22   6   22   22   22   30   22   22   14   14   14   14   6   6   10   26   10   10   10   
----------------------------2-----------------------
5   6   6   30   6   6   14   30   22   6   6   15   22   6   22   22   22   22   6   22   6   22   22   6   6   6   6   6   22   22   14   6   6   6   22   6   22   22   6   6   6   14   14   14   14   14   6   6   6   26   26   6   10   26   26   26   26   26   10   10   10   14   10   26   
----------------------------2-----------------------
5   14   6   6   30   14   6   14   6   22   22   22   22   22   6   22   22   22   6   22   6   22   22   22   6   22   6   22   22   22   6   6   6   22   22   22   6   6   6   6   30   14   14   6   6   6   26   14   14   14   14   30   30   14   14   14   14   14   26   10   10   26   
----------------------------2-----------------------
27   30   30   30   30   30   30   6   30   30   30   6   6   30   30   30   30   6   30   6   30   30   30   6   30   6   30   30   30   6   6   30   30   30   6   6   6   6   30   30   6   6   6   6   14   14   6   6   14   6   14   14   6   6   6   14   26   10   26   14   10   10   14   26   14   
----------------------------2-----------------------
5   18   26   6   6   6   26   6   6   6   6   14   14   14   30   30   14   14   14   14   14   14   14   14   14   6   6   6   6   6   6   14   14   14   6   6   6   14   30   30   30   30   14   14   14   30   30   30   14   14   14   14   14   14   30   30   30   30   30   14   26   10   10   2   
----------------------------2-----------------------
2   14   14   30   6   6   6   6   14   14   14   14   14   6   6   6   14   26   6   6   6   14   14   30   14   14   14   26   6   6   6   6   6   14   14   14   26   26   26   14   14   14   26   6   6   6   6   26   14   14   14   14   14   14   14   14   26   26   26   26   26   26   14   14   26   10   10   10   10   10   10   10   6   
----------------------------2-----------------------
18   6   6   14   14   6   6   6   6   14   30   14   14   6   6   6   6   6   30   30   14   14   6   6   6   6   14   14   6   6   14   30   30   30   30   30   30   30   30   30   14   26   6   6   6   6   6   6   6   6   10   10   10   26   10   26   14   26   10   10   10   10   10   10   10   
----------------------------2-----------------------
27   6   6   30   22   6   30   6   6   30   22   6   22   6   22   22   22   22   6   6   6   6   22   30   22   22   6   6   6   22   22   22   14   22   6   6   6   14   6   6   14   14   30   14   14   14   14   14   14   14   14   14   14   14   14   14   14   22   14   14   6   6   6   26   10   10   6   
----------------------------2-----------------------
4   30   6   14   6   6   14   6   6   6   6   30   14   6   6   6   14   14   14   6   6   6   14   14   14   6   6   14   14   14   14   6   6   14   14   6   6   14   14   6   6   14   26   14   26   14   6   6   6   14   14   26   14   14   14   14   14   26   10   10   26   10   
----------------------------2-----------------------
18   10   30   6   14   10   26   26   14   14   30   30   30   14   14   30   14   26   26   10   10   26   10   10   10   26   14   26   26   26   10   10   10   26   26   10   10   10   26   14   26   26   26   26   26   26   26   26   10   10   10   26   26   26   26   26   10   10   10   10   10   
----------------------------2-----------------------
1   6   14   6   6   6   6   22   22   22   6   6   14   14   14   6   6   14   14   14   14   6   6   6   14   14   14   14   14   6   6   6   14   14   14   14   14   6   6   6   14   26   14   14   14   14   14   6   6   6   6   14   26   26   14   14   14   14   26   14   6   6   10   14   6   26   26   
----------------------------2-----------------------
24   6   22   22   22   6   6   14   14   14   6   6   6   22   14   14   14   6   6   14   6   22   14   14   6   6   6   14   14   14   14   14   6   6   6   6   6   14   14   14   14   14   14   14   14   14   30   14   14   14   14   14   14   14   14   14   14   14   14   14   26   14   14   14   14   14   14   14   26   10   
----------------------------2-----------------------
27   6   6   30   30   6   22   6   14   14   30   6   6   14   14   14   14   6   6   14   14   30   14   6   6   6   14   14   14   14   14   6   6   6   14   26   26   26   14   14   30   14   14   26   14   14   14   30   30   30   30   14   14   30   30   30   30   30   6   6   10   10   10   10   26   26   
----------------------------2-----------------------
24   14   6   30   14   14   6   22   22   6   6   30   22   14   6   6   6   14   14   14   14   6   6   14   14   14   14   22   6   6   6   14   14   14   30   30   14   14   14   6   6   6   6   6   14   14   14   30   30   14   14   30   14   14   30   14   14   26   26   26   14   14   26   26   26   26   26   26   10   26   
----------------------------2-----------------------
6   30   30   6   6   31   22   14   14   6   14   14   14   30   6   6   6   14   14   30   30   6   6   6   14   14   14   30   6   6   14   14   14   14   6   6   26   14   14   14   6   14   6   14   14   14   14   14   6   6   14   14   14   14   14   14   6   6   6   26   26   26   26   10   10   26   6   
----------------------------2-----------------------
27   14   6   14   14   6   6   30   14   6   14   30   14   14   30   6   14   14   14   14   6   14   14   14   6   6   14   14   14   14   6   6   14   14   14   14   6   6   14   14   14   6   6   6   14   14   14   14   14   6   6   6   14   14   14   14   6   6   10   26   26   10   10   26   6   6   
----------------------------2-----------------------
10   30   30   14   6   6   22   6   6   14   14   14   14   6   6   26   14   14   14   14   6   6   26   26   14   14   14   6   6   26   26   14   14   26   6   6   26   26   26   26   14   14   14   14   26   6   6   6   26   26   26   26   26   14   14   26   26   14   26   26   10   10   10   10   10   10   10   6   14   
----------------------------2-----------------------
27   14   6   14   30   14   6   6   6   14   14   14   30   30   6   6   6   14   14   14   14   14   6   6   6   14   14   14   14   30   14   14   6   6   6   6   14   14   14   30   30   30   14   14   30   14   6   6   6   6   26   14   30   14   14   14   26   26   26   26   26   26   26   26   10   26   26   26   26   30   
