----------------------------4-----------------------
2   22   7   15   7   7   15   7   7   7   15   15   22   7   7   7   7   7   15   15   15   15   15   15   15   7   7   22   15   22   22   22   6   6   22   7   7   7   7   7   6   6   10   18   18   18   18   18   18   
----------------------------4-----------------------
25   25   25   6   6   6   7   6   22   22   22   22   30   22   22   22   22   22   22   7   7   22   15   15   15   22   7   7   7   7   7   15   15   7   22   22   15   15   22   7   7   7   15   22   22   22   15   22   22   7   6   6   22   6   6   6   2   2   2   2   2   18   18   18   18   18   5   5   
----------------------------4-----------------------
11   11   11   11   22   6   7   15   15   7   7   7   7   7   7   7   7   22   22   15   15   15   15   15   31   31   31   31   31   31   15   15   15   22   22   22   22   22   22   22   22   22   22   7   7   7   7   7   2   2   2   2   10   10   10   10   10   18   18   
----------------------------4-----------------------
25   25   25   25   11   11   2   22   7   15   31   7   15   7   15   15   15   15   15   15   15   15   15   7   7   7   15   15   15   15   15   15   15   15   15   15   15   15   15   15   7   7   7   7   15   15   15   15   15   15   7   7   7   7   7   2   2   2   18   18   18   18   18   18   17   
----------------------------4-----------------------
27   25   25   25   25   10   6   22   15   15   15   15   15   31   31   31   15   31   31   31   31   15   15   15   7   7   7   7   7   15   7   7   7   7   15   15   15   15   15   7   7   7   7   15   15   15   7   7   7   7   7   7   7   2   18   18   18   18   10   10   10   
----------------------------4-----------------------
25   25   25   25   25   25   6   22   15   15   15   15   15   15   15   15   15   15   15   15   15   15   15   15   15   15   31   15   15   15   7   7   7   7   7   7   7   15   15   15   15   15   7   7   7   7   7   7   7   2   2   2   10   18   18   10   10   10   18   18   17   17   
----------------------------4-----------------------
6   15   15   7   7   7   7   7   7   7   15   15   15   15   15   15   15   15   7   7   7   7   7   7   7   7   15   15   15   15   15   15   15   15   15   15   15   15   15   15   15   15   15   15   15   15   7   7   7   7   7   2   2   10   2   2   18   10   4   2   
----------------------------4-----------------------
9   9   9   25   25   10   6   6   15   15   7   7   7   7   15   15   7   7   15   15   15   15   15   15   15   15   15   15   15   15   15   15   15   15   15   7   7   7   7   7   7   7   15   15   15   7   7   7   7   7   7   7   2   2   18   18   18   18   18   18   18   18   18   
----------------------------4-----------------------
9   25   9   9   9   9   9   9   9   1   14   15   7   7   7   15   15   15   15   15   15   7   7   7   15   15   15   15   15   7   7   7   7   15   15   15   15   15   15   15   15   15   15   15   15   15   15   15   7   7   7   23   7   2   2   2   18   18   10   18   18   18   
----------------------------4-----------------------
11   25   25   25   25   11   11   11   7   15   15   15   15   7   15   15   15   15   15   15   7   7   7   15   15   15   15   15   7   7   7   15   15   7   7   7   7   7   15   15   7   7   7   7   7   15   15   15   31   15   7   7   7   7   2   2   6   6   18   18   18   18   
----------------------------4-----------------------
25   25   25   9   9   9   9   25   25   9   9   1   22   15   15   7   15   15   15   7   15   15   15   15   15   15   15   7   7   7   15   15   15   15   15   15   15   15   15   15   15   15   22   22   15   15   15   15   15   15   7   7   7   7   2   2   18   18   10   10   10   18   18   18   18   17   
----------------------------4-----------------------
25   25   25   25   11   22   6   7   7   7   15   15   7   15   15   7   15   7   7   15   7   15   7   7   15   7   7   15   15   31   7   7   15   7   7   7   7   7   2   6   6   6   6   2   2   6   6   6   10   6   10   18   18   18   18   
----------------------------4-----------------------
25   25   25   25   25   25   14   22   7   7   15   15   15   15   15   15   15   15   15   15   15   15   15   15   15   15   15   7   7   7   7   7   7   7   7   7   7   7   7   7   7   23   23   23   23   7   7   7   7   7   7   2   2   7   2   2   2   6   6   10   10   18   21   21   21   
----------------------------4-----------------------
25   25   25   25   25   25   25   25   25   11   22   15   7   7   7   7   7   15   31   31   31   15   15   15   7   7   15   15   15   15   15   15   15   15   15   15   15   15   15   15   15   15   7   7   7   15   15   15   15   15   15   7   7   2   2   2   10   18   18   10   10   18   
----------------------------4-----------------------
25   25   25   25   25   25   25   25   25   25   22   7   7   15   15   15   15   15   31   15   15   7   7   7   7   7   7   7   7   15   15   15   7   7   7   7   7   7   7   7   15   22   22   22   22   15   15   7   7   31   7   7   7   2   18   10   18   10   10   10   18   18   
----------------------------4-----------------------
9   9   9   9   25   25   25   25   5   6   7   7   7   15   15   7   7   15   15   7   7   7   7   7   7   15   15   15   15   15   15   15   15   15   15   7   7   7   7   7   7   7   7   7   15   15   15   7   7   2   2   10   6   10   10   10   18   10   
----------------------------4-----------------------
25   25   27   6   7   15   15   15   15   15   15   15   15   15   15   15   15   15   15   15   15   15   15   15   7   7   15   15   7   7   7   7   7   7   7   7   15   15   15   15   15   15   31   7   7   7   2   2   6   18   18   2   2   2   
----------------------------4-----------------------
25   25   25   25   25   25   25   25   25   6   6   6   15   7   15   7   7   15   15   15   7   7   15   15   7   7   7   15   15   15   15   7   7   7   15   15   15   7   7   7   7   15   15   15   15   15   15   15   15   7   7   7   7   6   2   18   11   5   2   2   
----------------------------4-----------------------
25   25   25   25   25   25   25   25   27   14   6   7   7   15   15   15   15   15   15   15   7   7   7   7   7   7   7   7   7   15   15   15   7   7   7   7   7   22   22   15   15   15   15   15   15   15   22   22   15   15   15   15   7   7   7   2   2   2   10   10   26   2   2   
----------------------------4-----------------------
25   25   25   25   25   25   25   14   14   22   15   31   15   15   15   15   15   15   15   15   15   15   15   15   15   22   7   7   7   7   7   7   7   7   7   15   15   15   15   31   15   15   15   15   15   15   15   15   7   23   7   2   2   10   18   4   6   14   10   10   10   
