----------------------------0-----------------------
10   10   26   10   10   10   26   26   10   26   24   24   24   24   32   28   16   32   28   16   16   32   32   32   24   24   24   24   4   24   6   7   7   31   22   22   22   7   7   7   15   15   31   15   22   22   6   22   6   22   22   22   22   22   14   14   14   10   10   10   
----------------------------0-----------------------
30   30   30   6   16   28   28   16   16   28   16   16   16   16   28   28   16   16   16   24   24   4   4   6   7   7   15   15   31   31   31   31   31   31   15   7   7   7   7   15   31   31   31   31   31   31   15   7   7   7   22   22   6   22   6   14   
----------------------------0-----------------------
10   10   10   26   26   28   16   28   28   16   28   28   28   28   16   28   16   12   24   24   4   4   6   7   23   31   15   23   7   7   7   7   15   31   31   31   31   31   31   15   7   15   31   31   31   31   31   22   22   6   6   
----------------------------0-----------------------
27   27   6   16   16   16   16   16   28   16   16   16   16   16   16   6   24   26   10   4   6   7   7   23   31   31   31   31   7   7   7   7   7   7   7   7   7   7   7   7   7   7   7   15   15   15   15   15   22   22   22   22   26   26   
----------------------------0-----------------------
26   10   10   26   10   26   10   10   26   24   24   16   16   16   16   16   16   16   16   16   32   16   24   24   24   24   24   6   6   6   7   7   7   15   15   15   15   7   7   7   7   7   15   22   22   22   22   22   22   22   22   22   22   22   22   22   22   22   22   8   24   8   
----------------------------0-----------------------
14   10   10   10   30   30   26   10   10   26   30   28   28   28   16   28   28   28   28   28   28   28   20   16   16   20   4   6   7   7   23   23   7   7   7   7   7   7   31   31   31   31   31   31   31   31   31   15   7   7   22   22   22   16   6   26   26   6   26   
----------------------------0-----------------------
10   10   10   10   10   26   16   28   28   28   28   16   28   16   28   28   28   20   30   30   30   2   2   6   20   23   7   7   31   31   31   31   31   31   31   31   31   31   31   31   15   15   7   7   7   7   7   15   15   15   15   22   6   14   14   
----------------------------0-----------------------
26   10   10   26   10   10   26   26   26   24   16   16   28   16   28   16   16   28   16   16   28   16   16   24   24   6   6   7   7   23   7   7   7   15   15   31   31   31   31   31   31   15   7   7   7   7   7   15   15   15   22   22   14   6   
----------------------------0-----------------------
26   30   30   10   10   30   30   30   30   30   30   32   16   16   16   32   32   16   16   16   16   12   24   24   4   4   6   8   7   23   31   31   31   15   7   7   7   31   15   15   15   31   15   15   7   7   7   15   15   15   22   22   6   6   22   14   
----------------------------0-----------------------
10   26   26   10   10   27   27   27   27   27   26   30   30   16   16   16   28   28   16   16   28   28   28   16   28   20   20   4   4   4   6   7   7   23   7   15   31   31   31   7   7   22   15   15   22   7   22   22   22   22   22   6   6   22   22   6   14   14   6   
----------------------------0-----------------------
24   26   10   30   30   10   10   10   30   26   26   20   16   32   16   16   24   28   6   20   20   20   26   10   27   6   6   7   7   7   7   7   7   7   7   7   7   7   7   7   7   15   7   7   7   7   6   6   14   14   
----------------------------0-----------------------
10   10   26   26   26   26   24   24   32   28   16   16   16   16   32   32   32   24   24   24   24   24   24   4   8   7   7   7   7   31   31   31   31   31   31   31   31   31   31   7   7   7   7   7   15   31   31   31   15   15   22   22   22   22   22   
----------------------------0-----------------------
30   10   26   30   26   26   30   16   16   16   16   16   16   28   28   28   16   28   28   16   28   16   28   16   16   32   32   4   24   8   7   31   23   7   7   31   31   15   7   31   7   15   31   31   31   7   7   15   22   22   22   22   6   14   14   26   26   
----------------------------0-----------------------
10   10   10   26   10   10   26   24   24   20   20   20   28   16   16   28   16   16   32   32   16   8   24   24   4   4   8   7   7   7   15   31   15   31   31   7   15   7   7   31   15   15   15   31   7   7   7   7   22   22   14   14   26   10   10   
----------------------------0-----------------------
30   30   30   30   24   24   24   28   16   16   16   28   16   28   28   32   24   16   24   24   24   24   24   4   6   15   7   15   7   31   31   31   31   31   15   31   31   15   15   15   22   22   22   22   22   22   22   22   22   22   22   22   22   22   22   22   14   14   14   14   26   10   
----------------------------0-----------------------
26   10   26   10   14   10   10   24   24   16   24   32   32   16   16   32   32   32   32   32   16   24   12   12   24   24   24   24   7   7   7   7   7   15   15   15   31   31   31   31   31   31   31   31   31   15   15   7   7   22   22   22   22   14   14   14   14   
----------------------------0-----------------------
10   10   10   10   10   10   10   26   26   24   32   32   28   16   16   16   16   16   16   16   16   16   32   16   32   32   32   32   24   24   24   4   4   4   8   7   7   7   7   15   15   15   31   31   31   31   31   31   31   15   15   7   22   7   6   22   14   14   6   10   10   10   10   
----------------------------0-----------------------
26   10   10   26   26   24   24   32   32   28   16   32   16   28   16   16   16   32   32   16   32   32   24   24   24   24   4   4   6   7   7   15   15   15   15   15   15   15   15   31   31   15   7   7   7   7   7   7   22   22   30   22   22   22   6   6   6   6   6   6   6   10   10   
----------------------------0-----------------------
26   26   10   10   10   10   10   26   10   10   14   6   16   16   16   16   6   16   16   16   28   16   16   16   16   24   24   4   4   6   8   23   7   7   15   31   31   7   7   15   15   31   31   15   31   31   31   7   7   31   31   31   31   31   31   7   7   7   15   7   15   30   30   30   30   
----------------------------0-----------------------
10   10   10   10   10   10   10   14   16   16   16   16   32   28   32   32   16   32   32   32   32   24   24   24   24   24   10   8   6   7   31   7   15   15   15   31   31   7   15   15   31   15   7   7   7   15   15   15   15   15   15   15   15   15   22   6   6   14   6   
