----------------------------5-----------------------
3   23   13   13   13   13   13   13   13   3   3   2   7   6   8   6   6   6   6   6   6   6   14   24   24   24   32   32   32   32   16   14   6   6   24   24   24   24   24   24   24   24   24   26   26   26   10   10   26   10   10   10   10   10   10   
----------------------------5-----------------------
9   9   13   25   25   2   23   23   13   13   13   13   13   13   13   3   3   4   8   8   8   8   6   6   16   16   16   16   16   28   32   32   32   32   32   16   16   16   16   24   8   6   24   16   16   32   32   32   24   26   10   10   10   26   
----------------------------5-----------------------
11   21   21   21   9   11   11   11   11   23   13   29   29   29   13   13   13   13   21   13   3   4   4   4   4   16   16   28   28   28   28   28   16   16   16   6   14   16   16   14   6   16   16   32   32   32   32   16   8   16   24   16   14   6   6   6   14   26   10   10   10   10   10   18   
----------------------------5-----------------------
7   7   23   29   29   29   29   13   13   13   3   3   3   3   4   20   20   20   28   28   8   14   24   24   6   6   6   24   12   12   12   12   12   12   12   12   12   12   12   12   12   12   12   12   8   24   24   24   24   26   10   10   18   10   
----------------------------5-----------------------
25   25   25   25   25   25   25   25   25   23   23   29   29   29   29   29   13   13   13   13   3   2   2   2   4   20   20   20   20   12   12   12   28   12   12   12   12   12   12   12   24   12   6   24   12   12   12   12   12   12   14   6   24   24   24   24   26   26   10   10   10   18   18   18   
----------------------------5-----------------------
23   29   29   29   29   29   29   29   29   29   29   13   3   3   3   19   4   20   20   20   20   12   12   12   12   6   6   12   12   12   12   12   12   12   12   24   24   12   12   12   12   12   26   24   24   6   6   24   12   12   12   12   24   24   26   10   10   18   10   
----------------------------5-----------------------
25   11   11   11   2   29   29   29   29   29   29   29   13   13   13   13   3   3   3   4   20   20   20   20   12   20   12   12   12   28   12   12   12   12   12   12   12   12   12   12   12   28   28   12   12   12   12   12   12   12   12   12   12   6   6   6   26   26   18   18   18   18   
----------------------------5-----------------------
7   13   13   13   13   29   13   29   29   3   3   3   4   4   4   20   20   12   8   20   6   16   28   12   12   12   12   12   12   12   24   24   24   24   24   24   24   26   26   26   26   10   10   10   18   18   
----------------------------5-----------------------
25   27   23   23   13   29   29   29   29   29   29   13   13   13   3   3   3   4   20   20   20   20   24   24   6   24   24   12   32   28   28   32   24   24   24   24   24   24   24   24   12   32   32   32   32   26   26   26   26   10   10   10   26   
----------------------------5-----------------------
14   23   23   13   13   13   13   13   13   13   13   3   3   3   4   4   4   4   20   20   20   8   8   32   32   32   32   32   32   24   24   24   24   24   24   24   24   32   12   32   32   24   24   24   24   24   24   24   32   32   32   32   16   26   14   10   10   10   10   14   7   
----------------------------5-----------------------
21   9   9   9   9   9   9   25   11   23   29   29   29   29   29   29   29   29   29   13   29   29   17   3   7   4   20   20   20   4   8   12   12   12   16   24   24   24   24   24   6   24   24   32   24   24   24   24   24   24   6   24   24   32   32   12   24   24   24   24   24   10   10   26   10   10   10   10   
----------------------------5-----------------------
11   11   11   11   11   11   11   11   2   23   29   29   29   29   29   29   29   29   29   29   13   13   3   3   3   3   4   20   20   20   12   12   12   4   6   12   12   12   12   12   12   12   12   12   12   12   12   12   12   12   12   12   12   24   8   24   24   24   24   24   26   6   6   10   26   10   10   10   
----------------------------5-----------------------
11   11   6   13   13   13   13   13   13   13   13   13   13   13   3   3   3   4   4   20   20   20   20   12   12   12   12   24   12   12   12   12   12   24   6   6   24   12   12   12   12   32   24   24   26   26   10   10   10   10   10   10   
----------------------------5-----------------------
23   29   29   29   29   13   13   13   13   13   29   29   3   3   7   8   8   8   8   8   16   8   16   12   28   12   12   12   12   12   32   24   24   24   24   12   12   24   8   24   24   24   24   24   24   14   26   10   10   10   10   24   
----------------------------5-----------------------
25   21   25   25   9   11   23   13   29   29   29   29   13   29   13   13   29   29   3   3   3   4   4   20   20   20   20   20   8   8   8   8   12   12   24   24   12   12   12   24   24   24   24   12   24   24   8   24   24   32   32   12   32   24   24   26   26   10   10   10   
----------------------------5-----------------------
23   13   29   29   29   29   29   29   29   29   29   29   29   17   3   3   4   20   20   12   12   12   12   8   8   8   8   6   8   24   24   12   12   24   8   12   12   12   12   12   12   12   24   24   24   6   24   24   24   32   32   24   26   26   10   10   10   10   
----------------------------5-----------------------
25   13   9   9   9   9   9   9   9   25   9   23   23   29   29   29   29   29   29   29   29   29   13   13   13   29   29   3   3   3   2   2   3   4   4   8   20   8   8   16   24   12   24   26   26   26   6   6   32   32   32   24   14   14   16   24   6   6   6   26   26   26   10   10   10   
----------------------------5-----------------------
25   25   25   11   11   13   27   23   13   29   13   13   13   13   13   13   13   13   3   3   3   4   4   4   20   20   20   20   20   8   20   8   12   12   32   14   24   10   6   24   24   24   24   24   10   10   10   10   26   6   18   
----------------------------5-----------------------
8   11   11   21   11   11   11   23   23   23   29   13   13   29   29   29   29   3   13   3   3   3   17   4   4   4   20   20   24   8   8   8   32   32   28   32   32   16   16   16   16   8   6   16   32   16   32   32   32   16   16   8   24   16   24   14   6   10   26   10   10   10   10   
----------------------------5-----------------------
6   13   13   13   13   13   13   13   13   13   13   13   13   25   13   13   13   3   3   3   3   3   7   8   20   28   24   24   20   20   12   12   20   8   8   12   16   28   28   28   28   28   16   16   16   16   16   16   16   32   28   32   32   16   24   6   6   10   10   10   10   10   
