----------------------------9-----------------------
4   5   21   21   21   21   21   21   21   21   21   21   21   21   5   5   4   4   8   8   8   8   8   8   7   8   8   8   8   8   8   8   6   8   8   8   8   32   22   6   6   14   14   6   26   14   26   14   10   14   10   10   26   26   26   10   
----------------------------9-----------------------
26   14   6   14   22   8   8   4   5   5   5   21   21   21   21   21   21   21   21   21   21   21   21   5   5   5   4   4   4   8   8   8   8   8   8   8   8   8   8   8   8   16   8   8   8   16   8   16   16   8   8   16   28   8   22   6   22   22   6   22   22   6   6   10   26   24   10   10   18   
----------------------------9-----------------------
6   6   26   14   14   14   14   2   2   21   21   21   21   21   21   21   21   21   21   5   5   4   4   4   8   8   8   8   8   28   16   8   8   8   8   8   8   8   8   8   6   22   22   22   22   6   6   22   6   6   6   6   6   6   6   22   6   6   10   26   6   10   10   22   
----------------------------9-----------------------
26   10   14   14   6   6   14   14   2   3   13   21   21   21   21   21   21   21   21   21   5   5   5   4   4   4   8   8   8   16   16   8   8   8   28   28   28   16   22   16   22   22   6   22   22   22   6   6   22   22   6   22   6   22   22   6   6   22   22   22   6   6   6   6   30   22   6   6   6   15   
----------------------------9-----------------------
10   26   26   26   26   6   6   14   6   5   5   21   21   21   21   21   21   21   21   21   21   5   5   4   4   8   8   8   16   28   22   22   22   22   22   22   22   22   22   22   22   22   22   22   28   22   30   6   22   6   22   22   22   6   6   14   6   14   14   14   26   10   10   26   10   
----------------------------9-----------------------
14   14   14   14   6   6   6   2   5   5   21   21   21   21   21   21   21   5   5   5   4   4   20   8   8   8   8   8   8   8   16   16   28   16   22   22   22   22   16   16   28   28   28   28   28   28   28   22   22   6   6   6   22   22   22   22   22   22   22   6   6   6   6   26   10   
----------------------------9-----------------------
14   14   22   6   6   14   14   10   2   5   21   21   21   21   21   21   21   21   5   3   4   4   20   20   8   22   22   6   22   22   22   6   22   22   6   6   28   16   28   22   6   16   28   22   6   6   6   22   22   14   6   6   6   6   22   22   6   30   6   14   6   6   26   10   1   
----------------------------9-----------------------
10   10   6   6   6   6   6   4   5   5   5   21   21   21   21   21   21   21   5   5   5   4   4   4   8   8   8   8   8   8   8   8   16   8   8   28   28   8   8   6   6   6   6   14   14   22   22   14   14   6   6   6   6   6   22   22   14   6   10   10   10   10   10   
----------------------------9-----------------------
6   6   6   6   6   4   5   5   5   21   21   21   21   21   21   21   21   5   5   5   5   4   4   4   4   4   8   8   8   8   16   8   8   8   8   8   8   8   8   8   22   8   8   16   8   16   22   6   6   6   22   22   22   14   22   6   6   6   6   14   14   14   14   26   6   14   26   10   10   26   
----------------------------9-----------------------
6   6   14   14   22   8   22   2   2   21   21   21   21   21   21   21   21   21   21   21   5   4   4   20   20   8   8   28   16   16   16   8   8   8   16   16   28   16   16   8   22   22   22   22   8   8   22   6   6   6   22   22   22   22   22   22   14   6   6   6   10   10   10   10   
----------------------------9-----------------------
26   6   22   22   22   22   22   8   2   3   13   21   21   21   21   21   21   21   21   5   5   3   3   4   4   4   20   20   20   12   8   8   22   22   22   22   28   22   22   22   22   22   22   12   7   22   28   22   22   28   22   22   28   22   22   22   22   22   22   22   6   6   22   6   26   10   10   
----------------------------9-----------------------
26   14   14   6   6   2   3   21   21   21   21   21   21   21   21   5   5   4   4   4   20   8   8   8   28   8   28   8   8   8   8   8   8   28   16   8   8   8   8   8   28   22   6   6   6   6   14   22   6   6   6   10   10   10   
----------------------------9-----------------------
6   6   6   2   5   21   21   21   21   21   21   21   5   5   5   5   4   4   4   8   8   8   8   8   8   8   8   16   16   16   16   16   28   28   16   16   8   8   8   8   22   22   22   22   22   6   6   6   22   22   14   14   26   10   22   
----------------------------9-----------------------
22   8   5   5   21   21   21   21   21   21   21   21   21   21   5   5   5   5   4   4   4   4   4   8   8   8   8   8   8   8   8   8   8   8   8   8   6   8   8   8   8   6   8   8   8   8   8   8   16   6   6   8   8   22   6   6   22   22   6   6   6   22   12   26   26   26   24   4   3   5   5   
----------------------------9-----------------------
2   5   5   5   5   21   21   21   21   21   21   21   21   21   21   5   5   5   4   4   4   4   8   8   8   8   8   8   7   8   8   8   8   8   8   8   8   8   8   8   7   8   8   8   16   8   8   8   8   16   8   22   22   6   6   30   30   30   30   30   10   2   2   3   
----------------------------9-----------------------
32   32   32   32   32   32   8   6   6   2   5   5   5   21   21   21   21   21   5   5   5   5   4   4   4   20   20   8   8   8   8   8   8   8   16   8   16   16   16   8   7   7   8   8   15   16   15   15   15   22   22   6   6   6   22   6   6   6   6   6   18   18   
----------------------------9-----------------------
32   26   22   6   6   6   6   6   2   5   5   21   21   21   21   21   21   21   5   5   5   4   4   8   8   8   8   16   8   8   8   8   8   8   16   8   8   8   22   22   8   22   22   6   6   6   22   22   22   22   6   6   6   6   6   24   24   24   4   5   5   5   5   5   
----------------------------9-----------------------
22   6   6   2   5   21   21   21   21   21   21   21   21   5   5   4   4   20   20   8   8   8   8   8   16   8   22   22   8   28   28   28   22   8   7   6   22   16   22   22   22   16   16   8   22   22   22   14   14   6   6   6   6   6   6   6   20   10   18   
----------------------------9-----------------------
6   2   5   21   21   21   21   21   21   21   21   21   21   5   5   4   4   4   20   8   8   22   22   7   6   8   16   28   16   8   8   8   22   22   22   15   15   15   15   22   22   22   22   6   7   6   24   24   10   
----------------------------9-----------------------
14   8   8   4   4   5   5   21   21   21   21   21   21   21   5   5   4   4   4   4   4   8   8   8   8   16   8   8   8   8   8   8   16   28   16   16   8   8   4   8   22   22   8   8   22   22   6   6   6   22   24   24   24   
