----------------------------10-----------------------
4   20   20   20   20   20   20   20   26   24   26   26   10   18   18   18   10   10   10   10   10   27   10   4   4   20   4   4   20   20   4   24   24   12   20   4   8   8   8   8   23   11   19   19   4   3   19   4   
----------------------------10-----------------------
24   12   8   20   8   12   8   20   24   8   24   24   24   24   10   10   10   18   18   18   10   10   27   10   27   10   10   4   4   20   4   4   4   4   24   26   24   24   4   4   26   2   2   2   2   11   11   17   1   1   1   4   4   3   4   5   23   9   11   13   
----------------------------10-----------------------
20   4   8   8   8   20   20   16   24   24   24   24   26   18   18   10   10   10   10   10   10   10   10   4   20   20   8   12   20   4   24   24   8   4   4   4   4   9   11   21   21   9   2   7   19   19   19   19   1   19   19   27   19   
----------------------------10-----------------------
8   20   4   4   4   4   20   20   20   20   20   20   20   26   10   26   10   10   18   10   10   10   10   10   27   10   10   6   8   4   4   4   4   4   20   26   24   4   16   4   24   6   4   6   2   2   19   19   19   4   4   1   1   
----------------------------10-----------------------
23   4   4   4   20   20   20   20   20   24   26   26   26   26   18   18   10   10   10   10   10   10   27   27   6   6   4   4   4   4   4   20   26   26   24   24   26   4   26   4   8   2   11   19   19   5   5   19   5   19   1   5   17   5   
----------------------------10-----------------------
11   2   4   4   4   4   4   4   4   24   20   26   26   26   10   10   10   5   5   18   18   18   18   10   18   10   10   4   4   4   4   4   4   24   10   26   6   20   30   30   4   6   2   2   7   27   4   5   5   5   5   5   5   5   1   5   5   21   21   21   
----------------------------10-----------------------
4   4   4   4   20   20   20   24   24   24   24   24   26   10   10   10   10   10   10   10   10   10   10   10   4   4   4   4   4   4   20   8   26   26   24   20   26   4   26   6   7   7   2   1   19   19   19   4   4   19   19   4   19   19   3   
----------------------------10-----------------------
2   2   4   4   4   2   17   4   4   4   20   20   20   20   24   26   6   10   10   18   18   18   10   10   10   10   10   10   26   26   4   4   4   4   8   8   6   26   24   24   24   24   8   8   6   23   7   11   11   19   19   19   19   4   5   5   4   3   17   17   
----------------------------10-----------------------
2   2   23   12   12   12   8   4   8   20   10   26   10   10   10   10   18   1   10   18   18   18   18   10   10   10   10   2   2   7   7   2   6   4   6   26   26   20   26   27   2   24   14   14   6   2   2   21   1   1   1   19   1   19   1   3   3   3   3   13   
----------------------------10-----------------------
11   2   4   4   12   20   12   12   20   24   24   24   26   26   26   26   26   5   18   10   10   10   10   10   10   10   26   6   7   7   7   4   4   4   24   26   26   26   4   26   6   26   2   2   2   11   11   19   19   4   19   4   4   5   5   5   2   5   
----------------------------10-----------------------
4   20   4   20   20   20   20   20   20   12   24   26   26   10   26   24   21   5   18   18   10   10   10   10   10   26   26   4   4   4   4   3   4   4   4   26   10   10   4   4   4   4   4   26   6   2   19   4   4   4   4   4   4   27   1   1   5   5   5   5   5   18   
----------------------------10-----------------------
4   20   20   20   12   12   20   24   8   24   24   24   24   24   24   11   10   10   10   10   10   10   10   10   10   6   24   4   4   4   4   4   20   4   24   26   4   4   24   4   24   8   6   2   23   11   4   4   4   4   4   3   19   3   
----------------------------10-----------------------
8   4   4   4   4   4   8   8   24   24   26   26   26   10   18   10   10   10   10   10   10   10   10   10   26   6   4   4   4   4   4   7   4   26   6   6   24   6   4   4   6   7   6   7   19   19   19   4   19   19   19   4   19   19   19   19   
----------------------------10-----------------------
20   4   4   4   4   4   20   20   20   24   24   26   12   26   6   18   10   10   10   10   10   10   10   12   4   4   8   4   4   4   20   24   10   24   24   24   24   7   8   8   6   10   8   4   4   19   4   4   19   19   19   4   19   4   4   4   4   4   4   
----------------------------10-----------------------
4   4   4   4   20   20   20   20   24   26   16   26   26   18   18   10   10   10   10   10   10   10   10   26   4   2   4   4   4   4   4   4   4   24   26   26   4   4   4   1   4   4   4   6   2   11   11   19   19   4   4   4   27   4   4   4   4   11   4   
----------------------------10-----------------------
4   4   4   4   20   12   20   4   24   12   12   26   26   10   2   17   18   10   10   10   10   10   10   10   10   6   6   4   4   4   4   4   4   4   26   26   20   4   8   4   4   19   11   2   6   23   3   3   5   5   4   4   4   4   3   
----------------------------10-----------------------
20   4   4   20   4   20   20   20   24   24   26   10   10   10   24   11   10   10   10   10   10   10   10   10   6   4   4   4   4   4   4   4   24   26   26   1   4   19   4   4   19   19   11   19   4   27   4   4   4   19   19   4   4   
----------------------------10-----------------------
8   4   4   20   20   8   20   20   24   26   24   10   10   24   2   2   2   19   19   17   17   17   9   1   10   6   2   4   4   4   4   4   4   4   24   26   24   4   24   4   4   4   5   4   6   2   19   19   19   19   19   19   19   
----------------------------10-----------------------
4   12   20   12   12   20   20   20   24   10   10   10   10   26   18   10   10   10   10   10   10   10   10   10   6   4   4   4   4   4   4   24   8   10   26   24   24   4   4   10   10   2   2   6   19   19   5   4   19   5   5   19   19   19   19   
----------------------------10-----------------------
1   12   4   12   12   20   20   20   8   24   16   24   24   24   26   18   10   10   18   10   10   10   10   6   8   7   4   4   4   4   4   4   24   24   26   20   20   20   4   4   4   19   2   27   4   4   4   4   4   4   4   4   
