----------------------------3-----------------------
27   27   27   27   27   10   24   24   24   16   32   24   16   24   32   16   32   32   28   28   16   16   16   32   32   16   32   32   32   28   32   16   16   32   32   32   16   32   32   28   28   32   32   28   16   16   24   16   16   32   24   24   24   24   24   24   24   24   
----------------------------3-----------------------
27   27   10   26   26   26   26   24   24   24   24   32   24   32   32   16   8   32   16   16   16   32   32   16   28   16   16   16   16   16   32   16   24   28   24   32   16   16   24   32   32   24   24   32   32   24   32   32   32   32   32   16   16   16   16   32   16   32   16   16   16   32   24   24   24   
----------------------------3-----------------------
19   19   19   19   19   19   27   27   24   24   20   24   16   16   28   16   16   28   28   16   32   16   16   16   16   28   16   16   28   16   32   16   16   16   32   16   16   16   32   32   16   16   16   16   16   16   16   16   32   16   16   32   16   16   16   16   16   16   16   16   16   24   16   16   16   16   24   24   32   24   24   
----------------------------3-----------------------
25   27   27   26   24   24   26   24   24   4   24   32   32   32   32   32   32   28   16   16   32   16   16   28   16   28   32   28   16   16   28   32   28   16   16   16   16   16   16   16   16   16   16   32   16   16   16   16   32   32   32   16   24   24   16   16   16   32   24   24   24   16   16   24   10   16   24   10   24   24   
----------------------------3-----------------------
1   1   19   24   24   24   24   24   24   24   32   32   32   16   28   32   32   28   16   32   32   32   32   32   16   16   32   28   28   32   16   16   16   32   32   32   32   32   16   16   16   32   32   32   32   16   16   32   32   32   32   32   32   32   32   32   32   32   6   24   24   24   24   10   24   24   10   
----------------------------3-----------------------
7   27   1   4   4   20   20   24   26   24   24   32   32   32   24   32   32   32   32   16   16   32   32   32   32   16   16   16   16   32   28   32   16   32   32   32   32   32   24   32   32   32   32   24   32   32   32   32   24   32   32   32   32   32   32   24   32   32   32   32   24   24   24   24   24   24   24   24   
----------------------------3-----------------------
27   27   27   27   24   24   24   8   26   24   24   20   12   12   12   12   12   32   12   12   16   28   28   28   28   28   16   16   32   32   28   32   8   24   12   32   32   32   8   16   32   32   32   32   24   24   16   16   32   24   16   16   16   16   32   32   24   24   24   24   24   24   24   24   24   24   26   12   24   24   10   16   24   24   24   
----------------------------3-----------------------
27   27   27   26   26   24   24   24   24   24   24   32   16   28   28   28   16   16   32   28   28   28   28   16   28   16   28   28   28   32   28   16   28   32   16   28   32   32   32   16   16   32   32   24   32   24   24   24   24   24   24   24   24   24   24   24   24   24   32   24   24   24   24   24   24   24   24   24   24   24   24   10   10   
----------------------------3-----------------------
4   4   4   4   4   20   4   20   20   24   20   24   32   32   28   32   32   32   32   28   32   32   32   32   32   32   32   32   32   32   32   32   32   32   32   28   16   16   32   32   32   32   32   16   24   32   32   32   32   32   32   32   24   24   32   32   24   24   24   32   28   32   24   24   24   32   24   24   24   24   24   10   10   22   24   
----------------------------3-----------------------
27   4   24   24   24   24   24   24   24   24   24   12   12   12   12   12   12   12   12   12   12   12   32   32   12   32   32   32   32   32   32   32   32   32   32   32   32   32   32   32   32   32   24   24   24   32   32   32   32   32   32   32   24   24   24   32   32   16   16   32   32   28   32   24   24   24   24   24   32   24   24   24   24   
----------------------------3-----------------------
27   27   27   1   24   24   24   24   24   24   24   16   16   32   32   28   28   32   32   16   16   16   32   28   32   16   16   32   32   32   32   16   16   8   16   16   32   32   16   16   16   32   32   32   32   32   32   32   32   32   32   32   32   32   16   16   16   8   24   24   24   24   24   16   32   32   32   16   16   16   16   16   32   32   28   20   
----------------------------3-----------------------
4   1   1   1   26   26   24   24   24   24   24   32   32   28   32   32   32   16   16   32   28   32   16   16   32   32   28   28   28   28   16   16   16   28   32   16   32   32   32   32   32   16   16   16   16   32   32   32   16   32   32   32   32   32   16   16   16   32   32   32   16   32   32   32   32   32   32   32   24   16   24   32   32   16   16   10   10   16   
----------------------------3-----------------------
27   27   27   27   27   4   10   24   24   24   24   24   20   20   24   32   16   32   32   28   28   32   16   16   32   32   32   32   28   32   16   16   32   32   32   32   32   32   28   32   16   32   32   32   16   32   32   32   28   16   16   16   16   16   32   32   28   28   16   16   16   16   32   32   16   32   24   6   6   24   24   32   32   24   24   24   24   16   16   32   32   
----------------------------3-----------------------
1   1   10   27   24   6   24   24   26   24   20   20   20   20   28   28   28   28   28   28   28   28   28   28   28   28   16   28   28   28   28   28   16   28   28   28   16   16   28   28   16   16   28   32   16   28   32   32   28   16   16   32   32   32   24   32   24   24   24   24   24   24   6   
----------------------------3-----------------------
27   27   27   4   27   26   20   4   24   6   26   32   32   32   32   32   32   24   24   24   24   32   32   32   32   32   32   32   32   32   24   24   24   24   24   24   24   24   24   24   24   32   32   32   32   32   32   32   32   32   32   32   32   32   32   32   32   24   24   24   24   24   24   24   24   24   24   24   24   24   24   24   24   24   24   24   24   24   24   10   24   24   
----------------------------3-----------------------
27   27   27   27   32   8   24   12   24   32   24   32   32   32   32   16   16   16   32   32   32   32   32   28   28   28   32   32   32   32   32   32   16   8   16   8   16   16   32   32   32   32   32   32   32   32   32   32   32   32   32   32   32   32   32   32   32   24   24   24   24   24   24   24   32   32   32   32   32   32   16   16   24   24   24   24   24   24   24   
----------------------------3-----------------------
27   27   1   2   26   4   20   24   24   24   24   26   26   24   24   24   24   24   16   32   32   32   16   16   16   16   16   32   32   32   32   32   32   16   32   32   32   8   16   16   32   32   32   32   32   32   32   32   32   32   32   32   32   32   24   24   24   24   32   16   24   24   32   32   32   16   24   32   24   24   32   32   32   24   24   24   24   24   32   32   32   32   32   32   
----------------------------3-----------------------
1   1   1   4   6   24   24   24   24   24   24   24   32   24   24   24   32   32   32   32   32   32   32   32   32   32   32   32   32   32   32   16   24   24   16   8   16   32   32   32   28   28   32   28   28   28   32   32   32   32   32   32   28   28   32   32   32   32   32   16   24   8   24   32   32   32   32   32   32   32   32   32   32   32   28   28   32   32   32   32   24   24   24   24   24   
----------------------------3-----------------------
23   11   7   27   19   4   20   20   24   26   26   24   20   20   28   32   16   20   16   16   32   32   16   16   16   16   16   16   16   32   28   28   32   32   32   32   32   28   28   32   32   32   32   32   32   32   16   16   16   16   8   8   8   16   16   32   16   16   16   16   16   16   24   24   24   26   10   10   10   10   
----------------------------3-----------------------
25   27   27   27   27   26   26   24   24   32   24   32   16   16   16   16   16   16   16   16   16   32   32   32   28   28   28   32   32   32   16   16   32   32   28   32   32   32   32   32   16   24   16   8   8   16   32   32   32   32   32   32   16   16   16   32   24   24   32   32   32   16   32   24   24   24   32   24   24   24   24   24   8   
