----------------------------8-----------------------
24   24   8   8   8   12   4   4   20   20   20   4   4   4   8   8   8   4   7   7   8   8   20   20   20   12   8   12   16   16   28   8   8   16   16   16   14   30   26   6   6   2   11   11   11   11   3   19   19   19   19   19   5   
----------------------------8-----------------------
20   20   20   20   20   20   20   20   20   20   20   20   20   4   4   4   4   4   20   4   8   8   20   20   20   16   16   16   16   8   16   8   16   8   16   16   14   10   10   10   6   11   11   11   11   11   3   7   19   19   19   19   19   19   19   19   19   5   
----------------------------8-----------------------
4   20   20   20   20   20   8   8   20   8   4   12   6   6   8   4   20   8   8   32   8   16   8   8   8   8   16   22   16   28   8   16   16   8   8   6   30   14   10   20   10   2   4   2   11   11   11   11   3   19   19   19   19   19   19   13   
----------------------------8-----------------------
20   12   20   20   20   20   20   20   20   20   20   20   20   8   4   8   20   12   8   4   4   20   20   20   20   12   20   20   20   20   20   20   28   8   16   16   16   20   20   20   16   16   20   16   16   20   6   16   10   8   7   11   11   11   11   11   23   19   19   19   19   19   
----------------------------8-----------------------
8   24   26   10   20   20   20   20   4   4   4   20   4   20   20   20   20   4   4   20   20   4   20   4   4   20   4   20   4   20   20   8   20   20   20   20   20   20   20   8   8   12   8   12   28   16   8   20   8   16   6   14   26   24   22   2   2   2   2   6   7   7   19   19   19   19   19   3   19   3   
----------------------------8-----------------------
12   20   4   20   20   20   20   20   20   20   20   20   20   20   20   20   4   4   20   20   4   20   4   8   6   8   8   6   20   6   8   8   8   20   8   8   8   16   8   8   8   8   28   16   16   16   8   16   22   16   8   16   16   8   7   7   7   23   2   9   19   19   19   19   23   23   9   23   23   
----------------------------8-----------------------
20   4   4   20   4   20   20   20   20   4   4   20   20   20   4   4   4   4   4   4   20   20   8   8   20   8   8   20   8   8   8   28   8   16   8   8   16   8   8   16   28   16   28   16   8   28   30   10   10   10   11   2   2   2   11   11   19   19   19   19   19   19   19   
----------------------------8-----------------------
20   20   20   20   20   20   20   20   20   20   4   20   20   20   4   20   20   8   20   20   20   20   16   8   16   28   16   28   28   28   16   16   16   16   16   28   16   16   16   16   16   6   14   16   28   24   24   23   2   2   11   11   3   19   19   19   19   19   19   19   19   3   
----------------------------8-----------------------
6   20   20   20   20   20   20   20   20   20   20   20   20   20   20   20   20   20   20   12   20   20   20   28   28   20   8   28   16   16   16   28   16   16   16   16   28   16   16   16   16   16   16   20   20   28   20   20   20   26   10   6   2   11   11   2   10   2   6   2   19   19   19   19   19   
----------------------------8-----------------------
20   12   20   20   20   20   20   20   20   20   20   20   20   20   20   20   12   20   20   20   8   8   8   20   4   20   20   4   20   20   8   16   16   28   16   8   16   16   16   16   8   16   16   16   16   16   16   16   16   16   16   8   16   16   14   26   32   6   10   6   6   2   11   19   19   19   19   19   19   19   19   
----------------------------8-----------------------
12   20   20   20   20   20   20   20   20   20   20   20   20   20   20   20   20   20   20   20   20   20   20   20   20   20   20   20   20   16   20   20   8   28   8   16   16   16   16   16   28   16   8   16   28   28   8   16   28   16   16   16   28   8   24   24   24   24   24   1   4   6   2   11   2   23   7   19   1   19   1   
----------------------------8-----------------------
20   20   20   20   6   20   6   28   6   20   8   28   4   20   4   20   4   20   4   20   8   16   8   28   8   8   12   20   8   20   20   28   28   16   16   20   16   16   28   16   16   8   16   16   28   16   16   16   16   20   16   28   16   16   16   16   28   20   16   20   28   20   16   20   30   30   26   20   4   2   11   11   23   2   19   19   19   19   19   19   19   
----------------------------8-----------------------
20   20   20   20   20   20   20   20   20   20   20   20   20   20   20   20   4   20   20   8   8   16   8   28   12   8   16   28   8   16   28   8   8   16   8   8   16   8   16   28   8   12   12   8   12   12   16   8   8   28   12   12   16   12   12   6   12   12   12   12   12   17   17   17   17   17   19   19   19   19   4   17   12   12   
----------------------------8-----------------------
20   20   20   20   20   20   6   20   20   20   8   4   4   20   8   4   4   4   20   8   8   24   16   16   8   8   20   20   16   28   28   28   16   16   16   28   16   16   16   28   16   16   16   16   16   16   22   28   16   22   8   16   28   16   16   6   30   10   6   8   4   11   23   23   23   23   3   19   19   19   19   3   19   19   3   
----------------------------8-----------------------
20   4   12   8   4   4   8   8   8   8   8   16   8   8   28   8   16   28   8   16   28   16   16   16   16   8   16   28   16   16   8   8   16   6   22   30   6   26   26   10   6   6   11   2   10   10   19   3   19   19   19   19   19   19   19   3   19   
----------------------------8-----------------------
20   20   20   8   8   4   4   4   4   4   8   8   7   7   4   8   4   8   6   6   6   7   20   6   8   8   8   8   8   8   16   8   8   8   8   28   8   8   16   8   16   16   16   16   16   16   16   16   16   10   6   16   8   10   2   11   3   19   19   19   4   19   19   19   
----------------------------8-----------------------
12   4   8   4   4   20   4   8   8   8   8   8   8   8   4   12   8   8   8   12   8   12   8   12   8   12   8   8   12   8   8   8   8   16   16   28   16   16   28   16   16   16   8   16   8   8   12   16   12   16   16   16   28   16   24   16   16   26   10   10   28   16   11   2   11   11   17   4   1   1   1   4   19   4   19   1   1   
----------------------------8-----------------------
4   4   4   20   20   20   20   20   20   20   20   20   20   20   20   20   20   20   20   12   12   4   4   12   8   4   8   8   8   8   12   12   16   16   8   8   8   6   16   8   16   6   16   16   16   8   14   8   14   6   16   6   16   16   16   12   20   20   12   8   6   6   7   7   23   8   8   7   6   3   13   19   19   19   19   19   19   19   19   5   17   19   
----------------------------8-----------------------
20   20   20   20   4   20   20   20   20   20   20   20   4   20   4   20   4   4   4   4   20   20   4   20   20   20   20   20   20   20   20   20   20   20   12   20   12   20   12   12   12   12   12   12   12   12   12   12   12   12   12   12   12   12   12   8   12   12   12   12   12   8   8   12   8   14   26   6   1   1   1   2   2   2   17   17   19   19   19   5   5   19   
----------------------------8-----------------------
20   20   20   20   20   20   20   20   20   20   20   20   12   20   20   20   20   4   20   20   4   20   4   12   8   20   4   12   20   20   20   20   12   20   20   12   12   12   8   12   12   12   8   24   24   12   8   8   12   12   12   12   8   12   24   24   24   24   18   18   18   18   18   18   5   5   23   11   19   19   5   4   1   4   5   5   
