----------------------------6-----------------------
2   17   2   2   1   1   1   19   19   6   20   20   4   20   8   24   26   27   4   4   4   4   2   11   18   2   19   2   19   17   17   17   17   17   17   17   1   1   1   1   1   1   1   1   1   1   1   1   1   1   1   1   1   1   1   1   1   1   1   1   4   4   8   8   8   
----------------------------6-----------------------
11   11   27   11   27   2   4   4   4   20   4   20   20   4   6   10   2   6   23   17   5   11   11   11   5   19   19   11   13   13   11   11   11   11   11   3   19   5   13   13   11   11   11   11   11   11   23   11   11   
----------------------------6-----------------------
9   1   1   25   25   27   27   27   27   4   4   4   4   4   20   26   24   8   32   32   32   6   23   11   11   11   1   1   27   11   9   9   11   11   9   11   11   9   9   11   1   9   11   6   6   11   9   11   27   7   6   27   8   1   27   
----------------------------6-----------------------
1   1   25   25   11   11   27   27   4   20   20   20   20   20   6   20   20   20   20   4   4   23   23   11   17   1   1   1   27   11   11   11   27   11   11   11   11   11   1   4   7   4   4   4   11   11   4   11   1   27   24   24   1   24   10   10   6   
----------------------------6-----------------------
1   1   1   1   1   1   26   20   4   4   4   20   4   6   20   4   20   20   8   13   25   5   25   25   25   25   25   25   25   25   27   27   25   25   25   27   25   25   25   25   25   25   25   25   25   27   25   25   27   27   27   27   25   25   27   
----------------------------6-----------------------
11   1   4   4   20   4   20   4   4   6   4   24   6   6   6   13   13   5   5   27   5   5   9   9   9   5   11   9   1   11   27   25   25   25   21   27   27   25   25   11   27   11   11   11   11   11   11   11   11   
----------------------------6-----------------------
17   17   17   17   9   9   9   1   1   4   4   4   20   20   4   20   20   20   20   4   4   21   11   1   27   1   1   1   9   17   17   17   17   17   17   17   17   17   17   9   9   9   9   9   17   17   17   17   17   17   
----------------------------6-----------------------
1   27   1   1   27   4   4   20   6   6   30   14   24   14   22   7   7   21   25   27   27   25   25   25   25   25   25   25   25   25   25   25   25   25   25   25   25   25   25   25   25   27   27   25   25   25   27   27   27   27   
----------------------------6-----------------------
9   9   9   9   9   9   1   1   4   3   4   4   20   20   20   20   20   20   20   20   4   13   9   9   19   1   9   9   9   1   1   1   1   1   1   1   1   10   1   1   11   1   1   1   
----------------------------6-----------------------
9   9   1   1   9   9   9   9   1   4   4   4   4   4   4   8   20   24   4   4   2   2   21   9   9   9   5   5   9   9   9   11   9   9   9   9   9   1   17   1   1   1   1   1   1   1   1   1   
----------------------------6-----------------------
11   9   9   5   9   11   11   25   1   2   4   4   20   20   4   20   20   20   20   4   4   9   11   5   11   11   5   5   5   11   27   6   27   11   19   2   1   11   11   11   11   11   25   11   11   11   1   11   9   9   1   27   9   11   1   1   11   1   1   1   
----------------------------6-----------------------
25   11   2   4   20   4   20   20   26   20   4   4   20   2   30   2   11   11   11   11   11   11   11   11   11   11   11   11   11   11   11   11   11   11   11   11   11   11   11   11   11   11   11   11   
----------------------------6-----------------------
25   9   9   1   1   27   25   6   4   4   4   20   20   30   20   20   20   20   20   13   5   11   11   11   11   11   1   1   11   1   25   9   9   9   9   9   9   25   9   25   25   9   25   25   25   25   25   9   9   9   5   5   1   
----------------------------6-----------------------
9   1   1   9   9   6   4   20   4   4   4   8   30   4   4   20   4   4   21   13   5   25   5   5   5   5   5   5   21   5   5   5   5   5   5   5   5   5   5   25   21   5   13   25   5   9   11   5   
----------------------------6-----------------------
25   11   11   27   11   11   9   25   25   25   11   11   4   3   4   20   20   20   6   4   4   20   20   4   4   21   11   5   27   5   1   1   1   1   1   1   11   11   11   11   11   11   11   1   9   11   11   11   9   11   9   11   11   11   17   17   17   
----------------------------6-----------------------
9   9   9   9   9   9   9   9   11   11   2   4   4   4   20   20   20   4   4   20   20   4   13   9   11   11   1   1   1   25   9   9   9   9   25   9   9   9   9   11   11   11   9   21   21   11   11   23   23   11   7   13   
----------------------------6-----------------------
23   9   9   11   11   1   11   9   23   23   6   4   3   4   4   20   20   20   20   4   4   4   4   7   21   11   1   9   11   9   13   13   13   9   9   9   9   9   9   9   9   9   11   11   11   11   11   5   27   27   
----------------------------6-----------------------
1   1   17   17   17   17   3   3   3   20   20   20   20   20   20   20   20   4   2   21   11   11   11   11   11   11   11   6   11   11   17   17   17   17   17   17   17   17   17   17   17   17   17   17   17   17   
----------------------------6-----------------------
17   17   17   17   1   1   1   1   27   4   4   4   20   20   20   20   4   4   4   4   4   21   11   11   5   5   3   11   1   17   1   1   11   11   11   9   5   5   9   11   11   11   11   13   17   17   11   11   13   13   11   11   11   9   25   1   1   1   1   
----------------------------6-----------------------
17   9   9   9   6   20   4   20   4   4   20   26   20   20   4   20   20   4   13   5   27   27   27   27   27   27   27   25   7   23   9   1   1   1   1   1   1   9   17   17   23   23   17   29   11   11   17   17   17   19   
